region,region_name,Projected Demand (%),Hospitalizations (Median),Lower Hospitalization Bound,Upper Hospitalization Bound,Lower Projected Demand Bound,Upper Projected Demand Bound,Total Hospitalizations (Range),Total Projected Demand (Range),Max Occupied Beds,Lower Max Occupied Beds,Upper Max Occupied Beds,Last Update,Type
1,AL- BIRMINGHAM,90.67,670,603,785,84.29,102.05,670 [603 - 785],90.67% [84.29% - 102.05%],901,362,1862,04-28-2021,projected
2,AL- DOTHAN,90.39,101,93,135,84.74,110.5,101 [93 - 135],90.39% [84.74% - 110.5%],138,63,405,04-28-2021,projected
5,AL- HUNTSVILLE,109.95,422,387,505,95.05,143.09,422 [387 - 505],109.95% [95.05% - 143.09%],563,283,1186,04-28-2021,projected
6,AL- MOBILE,121.72,852,776,984,97.96,161.31,852 [776 - 984],121.72% [97.96% - 161.31%],1192,513,2323,04-28-2021,projected
7,AL- MONTGOMERY,89.18,102,93,124,84.53,102.32,102 [93 - 124],89.18% [84.53% - 102.32%],142,70,345,04-28-2021,projected
9,AL- TUSCALOOSA,88.22,62,56,73,82.51,96.93,62 [56 - 73],88.22% [82.51% - 96.93%],82,25,169,04-28-2021,projected
11,AZ- MESA,109.8,428,394,475,94.75,130.35,428 [394 - 475],109.8% [94.75% - 130.35%],590,292,997,04-28-2021,projected
12,AZ- PHOENIX,98.31,1011,926,1146,88.86,113.69,1011 [926 - 1146],98.31% [88.86% - 113.69%],1387,671,2552,04-28-2021,projected
14,AZ- SUN CITY,92.96,76,69,85,86.17,101.98,76 [69 - 85],92.96% [86.17% - 101.98%],105,50,178,04-28-2021,projected
15,AZ- TUCSON,93.35,249,227,298,86.06,108.13,249 [227 - 298],93.35% [86.06% - 108.13%],337,153,710,04-28-2021,projected
16,AR- FORT SMITH,168.06,849,725,1361,94.13,439.8,849 [725 - 1361],168.06% [94.13% - 439.8%],1128,181,4609,04-28-2021,projected
18,AR- JONESBORO,100.91,143,124,175,85.86,132.77,143 [124 - 175],100.91% [85.86% - 132.77%],189,53,477,04-28-2021,projected
19,AR- LITTLE ROCK,109.63,1328,1167,1840,90.15,180.36,1328 [1167 - 1840],109.63% [90.15% - 180.36%],1710,586,5793,04-28-2021,projected
21,AR- SPRINGDALE,165.62,659,586,882,103.56,344.33,659 [586 - 882],165.62% [103.56% - 344.33%],905,249,2794,04-28-2021,projected
22,AR- TEXARKANA,114.08,231,201,335,86.33,214.8,231 [201 - 335],114.08% [86.33% - 214.8%],334,62,1321,04-28-2021,projected
23,CA- ORANGE CO.,80.6,27,24,33,80.24,81.15,27 [24 - 33],80.6% [80.24% - 81.15%],46,18,88,04-28-2021,projected
25,CA- BAKERSFIELD,80.19,0,0,3,80.0,80.97,0 [0 - 3],80.19% [80.0% - 80.97%],7,0,35,04-28-2021,projected
31,CA- CHICO,95.31,72,64,95,84.53,124.22,72 [64 - 95],95.31% [84.53% - 124.22%],98,29,283,04-28-2021,projected
33,CA- CONTRA COSTA CO.,83.34,49,44,57,81.4,86.99,49 [44 - 57],83.34% [81.4% - 86.99%],67,28,140,04-28-2021,projected
43,CA- FRESNO,81.01,14,12,19,80.13,83.07,14 [12 - 19],81.01% [80.13% - 83.07%],23,3,70,04-28-2021,projected
56,CA- LOS ANGELES,80.12,12,10,18,80.02,80.39,12 [10 - 18],80.12% [80.02% - 80.39%],31,5,97,04-28-2021,projected
58,CA- MODESTO,87.8,96,85,118,81.86,99.14,96 [85 - 118],87.8% [81.86% - 99.14%],134,32,329,04-28-2021,projected
62,CA- NAPA,92.2,55,47,68,80.86,110.07,55 [47 - 68],92.2% [80.86% - 110.07%],71,5,175,04-28-2021,projected
65,CA- ALAMEDA CO.,82.4,48,43,54,81.07,83.88,48 [43 - 54],82.4% [81.07% - 83.88%],81,36,131,04-28-2021,projected
69,CA- PALM SPR/RANCHO MIR.,80.09,0,0,0,80.0,80.38,0 [0 - 0],80.09% [80.0% - 80.38%],1,0,4,04-28-2021,projected
73,CA- REDDING,108.47,214,198,261,94.23,149.41,214 [198 - 261],108.47% [94.23% - 149.41%],308,154,751,04-28-2021,projected
77,CA- SACRAMENTO,94.84,521,459,651,83.68,118.13,521 [459 - 651],94.84% [83.68% - 118.13%],710,176,1824,04-28-2021,projected
78,CA- SALINAS,80.0,0,0,1,80.0,81.26,0 [0 - 1],80.0% [80.0% - 81.26%],0,0,10,04-28-2021,projected
79,CA- SAN BERNARDINO,80.26,1,0,5,80.0,80.83,1 [0 - 5],80.26% [80.0% - 80.83%],15,0,48,04-28-2021,projected
80,CA- SAN DIEGO,81.11,43,38,52,80.33,82.33,43 [38 - 52],81.11% [80.33% - 82.33%],78,23,164,04-28-2021,projected
81,CA- SAN FRANCISCO,81.32,46,41,55,80.55,82.84,46 [41 - 55],81.32% [80.55% - 82.84%],67,28,144,04-28-2021,projected
82,CA- SAN JOSE,83.5,77,69,102,81.26,89.05,77 [69 - 102],83.5% [81.26% - 89.05%],106,38,274,04-28-2021,projected
83,CA- SAN LUIS OBISPO,84.17,14,12,18,81.75,89.87,14 [12 - 18],84.17% [81.75% - 89.87%],19,8,45,04-28-2021,projected
85,CA- SAN MATEO CO.,81.26,21,19,25,80.7,82.26,21 [19 - 25],81.26% [80.7% - 82.26%],34,19,61,04-28-2021,projected
86,CA- SANTA BARBARA,80.1,0,0,4,80.1,82.48,0 [0 - 4],80.1% [80.1% - 82.48%],1,1,24,04-28-2021,projected
87,CA- SANTA CRUZ,96.99,42,39,49,88.36,111.75,42 [39 - 49],96.99% [88.36% - 111.75%],61,30,114,04-28-2021,projected
89,CA- SANTA ROSA,80.54,7,6,8,80.0,81.13,7 [6 - 8],80.54% [80.0% - 81.13%],10,0,21,04-28-2021,projected
91,CA- STOCKTON,84.05,26,22,35,80.75,89.78,26 [22 - 35],84.05% [80.75% - 89.78%],43,8,104,04-28-2021,projected
96,CA- VENTURA,80.64,7,6,8,80.06,81.72,7 [6 - 8],80.64% [80.06% - 81.72%],10,1,27,04-28-2021,projected
101,CO- BOULDER,110.74,106,99,119,97.89,133.47,106 [99 - 119],110.74% [97.89% - 133.47%],146,85,254,04-28-2021,projected
102,CO- COLORADO SPRINGS,112.17,199,178,258,90.63,171.4,199 [178 - 258],112.17% [90.63% - 171.4%],333,110,946,04-28-2021,projected
103,CO- DENVER,92.02,386,351,467,85.4,108.8,386 [351 - 467],92.02% [85.4% - 108.8%],574,258,1376,04-28-2021,projected
104,CO- FORT COLLINS,124.44,210,182,321,87.82,252.61,210 [182 - 321],124.44% [87.82% - 252.61%],284,50,1103,04-28-2021,projected
105,CO- GRAND JUNCTION,89.09,52,47,63,83.66,100.71,52 [47 - 63],89.09% [83.66% - 100.71%],72,29,164,04-28-2021,projected
106,CO- GREELEY,91.2,57,51,70,84.25,106.25,57 [51 - 70],91.2% [84.25% - 106.25%],87,33,204,04-28-2021,projected
107,CO- PUEBLO,87.39,32,28,42,82.26,101.55,32 [28 - 42],87.39% [82.26% - 101.55%],59,18,172,04-28-2021,projected
109,CT- BRIDGEPORT,82.83,28,25,31,81.06,84.42,28 [25 - 31],82.83% [81.06% - 84.42%],48,18,75,04-28-2021,projected
110,CT- HARTFORD,84.64,99,90,120,82.4,89.0,99 [90 - 120],84.64% [82.4% - 89.0%],151,78,293,04-28-2021,projected
111,CT- NEW HAVEN,82.49,58,53,67,81.17,84.39,58 [53 - 67],82.49% [81.17% - 84.39%],96,45,169,04-28-2021,projected
112,DE- WILMINGTON,86.28,72,64,81,82.69,90.9,72 [64 - 81],86.28% [82.69% - 90.9%],117,50,203,04-28-2021,projected
113,DC- WASHINGTON,85.48,185,169,207,82.55,89.56,185 [169 - 207],85.48% [82.55% - 89.56%],301,140,525,04-28-2021,projected
115,FL- BRADENTON,101.58,110,101,124,90.44,118.08,110 [101 - 124],101.58% [90.44% - 118.08%],153,74,270,04-28-2021,projected
116,FL- CLEARWATER,96.86,203,183,237,86.66,113.78,203 [183 - 237],96.86% [86.66% - 113.78%],276,109,553,04-28-2021,projected
118,FL- FORT LAUDERDALE,87.71,464,420,543,83.2,94.54,464 [420 - 543],87.71% [83.2% - 94.54%],671,278,1265,04-28-2021,projected
119,FL- FORT MYERS,94.56,394,360,443,86.27,105.64,394 [360 - 443],94.56% [86.27% - 105.64%],557,240,981,04-28-2021,projected
120,FL- GAINESVILLE,102.6,306,274,360,87.44,126.82,306 [274 - 360],102.6% [87.44% - 126.82%],416,137,862,04-28-2021,projected
122,FL- HUDSON,171.45,812,733,1036,109.79,343.74,812 [733 - 1036],171.45% [109.79% - 343.74%],1145,373,3302,04-28-2021,projected
123,FL- JACKSONVILLE,113.77,1233,1099,1538,91.46,164.12,1233 [1099 - 1538],113.77% [91.46% - 164.12%],1659,563,4132,04-28-2021,projected
124,FL- LAKELAND,109.31,226,203,268,90.49,142.45,226 [203 - 268],109.31% [90.49% - 142.45%],313,112,667,04-28-2021,projected
127,FL- MIAMI,84.27,282,247,373,80.89,91.66,282 [247 - 373],84.27% [80.89% - 91.66%],460,96,1257,04-28-2021,projected
129,FL- OCALA,135.48,564,510,740,102.15,238.99,564 [510 - 740],135.48% [102.15% - 238.99%],759,303,2175,04-28-2021,projected
130,FL- ORLANDO,131.59,3931,3555,4707,100.51,196.2,3931 [3555 - 4707],131.59% [100.51% - 196.2%],5345,2125,12039,04-28-2021,projected
131,FL- ORMOND BEACH,99.47,236,213,275,88.04,119.06,236 [213 - 275],99.47% [88.04% - 119.06%],322,133,646,04-28-2021,projected
133,FL- PANAMA CITY,97.92,90,80,115,84.67,131.05,90 [80 - 115],97.92% [84.67% - 131.05%],119,31,339,04-28-2021,projected
134,FL- PENSACOLA,90.22,173,155,210,83.41,102.78,173 [155 - 210],90.22% [83.41% - 102.78%],240,80,535,04-28-2021,projected
137,FL- SARASOTA,98.89,198,178,230,86.92,116.89,198 [178 - 230],98.89% [86.92% - 116.89%],273,100,533,04-28-2021,projected
139,FL- ST PETERSBURG,94.02,164,148,192,85.57,108.1,164 [148 - 192],94.02% [85.57% - 108.1%],224,89,449,04-28-2021,projected
140,FL- TALLAHASSEE,97.61,351,315,433,86.49,123.86,351 [315 - 433],97.61% [86.49% - 123.86%],475,175,1183,04-28-2021,projected
141,FL- TAMPA,116.06,1105,1002,1298,94.37,157.54,1105 [1002 - 1298],116.06% [94.37% - 157.54%],1536,612,3303,04-28-2021,projected
142,GA- ALBANY,105.59,201,179,235,90.07,135.41,201 [179 - 235],105.59% [90.07% - 135.41%],272,107,589,04-28-2021,projected
144,GA- ATLANTA,108.73,2489,2269,2850,93.3,134.55,2489 [2269 - 2850],108.73% [93.3% - 134.55%],3441,1593,6534,04-28-2021,projected
145,GA- AUGUSTA,92.51,226,201,282,84.03,112.18,226 [201 - 282],92.51% [84.03% - 112.18%],307,99,790,04-28-2021,projected
146,GA- COLUMBUS,92.47,115,104,136,86.75,107.32,115 [104 - 136],92.47% [86.75% - 107.32%],157,85,344,04-28-2021,projected
147,GA- MACON,106.79,445,399,533,90.02,142.34,445 [399 - 533],106.79% [90.02% - 142.34%],599,224,1394,04-28-2021,projected
148,GA- ROME,83.69,21,17,30,82.05,94.21,21 [17 - 30],83.69% [82.05% - 94.21%],27,15,104,04-28-2021,projected
149,GA- SAVANNAH,110.37,463,422,553,93.22,145.94,463 [422 - 553],110.37% [93.22% - 145.94%],625,272,1357,04-28-2021,projected
151,ID- BOISE,132.77,835,721,1214,92.33,278.94,835 [721 - 1214],132.77% [92.33% - 278.94%],1096,256,4132,04-28-2021,projected
152,ID- IDAHO FALLS,99.96,67,57,116,81.52,202.78,67 [57 - 116],99.96% [81.52% - 202.78%],92,7,566,04-28-2021,projected
154,IL- AURORA,95.18,49,44,59,87.02,114.72,49 [44 - 59],95.18% [87.02% - 114.72%],80,37,183,04-28-2021,projected
155,IL- BLUE ISLAND,83.04,46,42,69,81.42,92.74,46 [42 - 69],83.04% [81.42% - 92.74%],77,36,323,04-28-2021,projected
156,IL- CHICAGO,82.98,150,137,229,81.39,92.73,150 [137 - 229],82.98% [81.39% - 92.73%],255,119,1090,04-28-2021,projected
158,IL- ELGIN,93.44,88,81,106,87.0,111.22,88 [81 - 106],93.44% [87.0% - 111.22%],146,76,339,04-28-2021,projected
161,IL- EVANSTON,84.39,65,59,94,82.11,97.14,65 [59 - 94],84.39% [82.11% - 97.14%],106,51,414,04-28-2021,projected
163,IL- HINSDALE,87.0,47,43,58,83.64,97.55,47 [43 - 58],87.0% [83.64% - 97.55%],77,40,193,04-28-2021,projected
164,IL- JOLIET,87.01,55,50,69,83.17,98.17,55 [50 - 69],87.01% [83.17% - 98.17%],93,42,241,04-28-2021,projected
166,IL- MELROSE PARK,85.66,107,98,144,82.75,98.42,107 [98 - 144],85.66% [82.75% - 98.42%],175,85,570,04-28-2021,projected
170,IL- PEORIA,87.8,98,87,121,82.42,100.01,98 [87 - 121],87.8% [82.42% - 100.01%],145,45,372,04-28-2021,projected
171,IL- ROCKFORD,87.84,77,68,94,82.42,98.68,77 [68 - 94],87.84% [82.42% - 98.68%],120,37,286,04-28-2021,projected
172,IL- SPRINGFIELD,92.57,225,201,294,83.54,116.97,225 [201 - 294],92.57% [83.54% - 116.97%],320,90,941,04-28-2021,projected
173,IL- URBANA,95.69,116,104,142,85.39,120.13,116 [104 - 142],95.69% [85.39% - 120.13%],163,56,417,04-28-2021,projected
175,IL- BLOOMINGTON,109.59,56,49,77,85.99,180.75,56 [49 - 77],109.59% [85.99% - 180.75%],79,16,269,04-28-2021,projected
179,IN- EVANSVILLE,95.6,229,197,306,82.79,127.87,229 [197 - 306],95.6% [82.79% - 127.87%],319,57,979,04-28-2021,projected
180,IN- FORT WAYNE,97.41,276,247,335,85.92,119.24,276 [247 - 335],97.41% [85.92% - 119.24%],385,131,868,04-28-2021,projected
181,IN- GARY,89.96,104,92,118,82.99,97.8,104 [92 - 118],89.96% [82.99% - 97.8%],150,45,268,04-28-2021,projected
183,IN- INDIANAPOLIS,88.17,383,341,463,82.73,98.59,383 [341 - 463],88.17% [82.73% - 98.59%],524,175,1193,04-28-2021,projected
184,IN- LAFAYETTE,87.29,38,34,50,81.62,99.16,38 [34 - 50],87.29% [81.62% - 99.16%],54,12,142,04-28-2021,projected
185,IN- MUNCIE,89.31,31,27,36,81.91,99.57,31 [27 - 36],89.31% [81.91% - 99.57%],39,8,82,04-28-2021,projected
186,IN- MUNSTER,84.77,35,31,41,81.91,89.97,35 [31 - 41],84.77% [81.91% - 89.97%],55,22,115,04-28-2021,projected
187,IN- SOUTH BEND,94.58,158,139,184,82.75,109.63,158 [139 - 184],94.58% [82.75% - 109.63%],223,42,453,04-28-2021,projected
188,IN- TERRE HAUTE,95.58,62,54,83,84.82,126.94,62 [54 - 83],95.58% [84.82% - 126.94%],84,26,253,04-28-2021,projected
190,IA- CEDAR RAPIDS,85.82,49,44,56,81.79,91.92,49 [44 - 56],85.82% [81.79% - 91.92%],65,20,133,04-28-2021,projected
191,IA- DAVENPORT,86.7,107,94,140,81.57,100.56,107 [94 - 140],86.7% [81.57% - 100.56%],149,35,457,04-28-2021,projected
192,IA- DES MOINES,86.23,145,128,232,81.09,105.33,145 [128 - 232],86.23% [81.09% - 105.33%],205,36,834,04-28-2021,projected
193,IA- DUBUQUE,81.28,7,6,12,80.0,90.46,7 [6 - 12],81.28% [80.0% - 90.46%],7,0,57,04-28-2021,projected
194,IA- IOWA CITY,94.05,208,182,258,83.81,117.0,208 [182 - 258],94.05% [83.81% - 117.0%],273,74,719,04-28-2021,projected
195,IA- MASON CITY,86.14,35,30,47,80.27,101.28,35 [30 - 47],86.14% [80.27% - 101.28%],45,2,156,04-28-2021,projected
196,IA- SIOUX CITY,80.53,7,6,25,80.0,90.07,7 [6 - 25],80.53% [80.0% - 90.07%],6,0,114,04-28-2021,projected
197,IA- WATERLOO,82.66,14,12,21,80.78,91.74,14 [12 - 21],82.66% [80.78% - 91.74%],17,5,75,04-28-2021,projected
200,KS- TOPEKA,94.16,167,145,268,83.23,143.22,167 [145 - 268],94.16% [83.23% - 143.22%],219,50,978,04-28-2021,projected
201,KS- WICHITA,96.04,578,497,988,82.14,175.09,578 [497 - 988],96.04% [82.14% - 175.09%],794,106,4707,04-28-2021,projected
203,KY- COVINGTON,93.62,109,96,158,85.27,131.23,109 [96 - 158],93.62% [85.27% - 131.23%],150,58,564,04-28-2021,projected
204,KY- LEXINGTON,126.75,1834,1610,2584,91.74,251.34,1834 [1610 - 2584],126.75% [91.74% - 251.34%],2434,611,8920,04-28-2021,projected
205,KY- LOUISVILLE,98.02,644,561,862,84.49,135.02,644 [561 - 862],98.02% [84.49% - 135.02%],868,216,2650,04-28-2021,projected
207,KY- OWENSBORO,84.87,17,14,24,80.0,97.16,17 [14 - 24],84.87% [80.0% - 97.16%],23,0,81,04-28-2021,projected
208,KY- PADUCAH,110.64,365,325,504,90.3,177.53,365 [325 - 504],110.64% [90.3% - 177.53%],497,167,1582,04-28-2021,projected
209,LA- ALEXANDRIA,107.45,202,182,234,91.81,134.19,202 [182 - 234],107.45% [91.81% - 134.19%],272,117,537,04-28-2021,projected
210,LA- BATON ROUGE,101.25,381,350,431,90.65,116.98,381 [350 - 431],101.25% [90.65% - 116.98%],527,264,917,04-28-2021,projected
212,LA- HOUMA,91.41,61,54,70,84.42,101.4,61 [54 - 70],91.41% [84.42% - 101.4%],80,31,150,04-28-2021,projected
213,LA- LAFAYETTE,103.68,382,345,447,90.08,127.55,382 [345 - 447],103.68% [90.08% - 127.55%],512,218,1028,04-28-2021,projected
214,LA- LAKE CHARLES,103.93,155,138,191,88.44,138.61,155 [138 - 191],103.93% [88.44% - 138.61%],207,73,507,04-28-2021,projected
216,LA- METAIRIE,89.89,75,69,83,85.14,97.71,75 [69 - 83],89.89% [85.14% - 97.71%],100,52,179,04-28-2021,projected
217,LA- MONROE,90.16,67,59,90,82.7,107.46,67 [59 - 90],90.16% [82.7% - 107.46%],94,25,254,04-28-2021,projected
218,LA- NEW ORLEANS,84.12,71,65,85,81.94,88.7,71 [65 - 85],84.12% [81.94% - 88.7%],100,47,211,04-28-2021,projected
219,LA- SHREVEPORT,87.2,143,127,172,83.11,95.83,143 [127 - 172],87.2% [83.11% - 95.83%],197,85,433,04-28-2021,projected
220,LA- SLIDELL,90.32,37,34,43,84.56,100.44,37 [34 - 43],90.32% [84.56% - 100.44%],52,23,103,04-28-2021,projected
221,ME- BANGOR,104.13,183,163,269,85.32,186.15,183 [163 - 269],104.13% [85.32% - 186.15%],263,58,1157,04-28-2021,projected
222,ME- PORTLAND,96.38,295,260,362,83.12,124.19,295 [260 - 362],96.38% [83.12% - 124.19%],430,82,1160,04-28-2021,projected
223,MD- BALTIMORE,85.89,245,221,274,82.43,89.74,245 [221 - 274],85.89% [82.43% - 89.74%],397,164,657,04-28-2021,projected
225,MD- SALISBURY,87.47,47,42,52,82.03,91.63,47 [42 - 52],87.47% [82.03% - 91.63%],70,19,109,04-28-2021,projected
226,MD- TAKOMA PARK,85.13,41,37,45,82.41,88.47,41 [37 - 45],85.13% [82.41% - 88.47%],66,31,109,04-28-2021,projected
227,MA- BOSTON,81.02,56,50,67,80.4,82.0,56 [50 - 67],81.02% [80.4% - 82.0%],112,44,220,04-28-2021,projected
230,MA- SPRINGFIELD,82.19,21,18,25,80.75,84.43,21 [18 - 25],82.19% [80.75% - 84.43%],35,12,71,04-28-2021,projected
231,MA- WORCESTER,81.34,14,13,15,80.49,82.19,14 [13 - 15],81.34% [80.49% - 82.19%],22,8,36,04-28-2021,projected
232,MI- ANN ARBOR,86.04,130,114,161,81.35,94.46,130 [114 - 161],86.04% [81.35% - 94.46%],197,44,472,04-28-2021,projected
233,MI- DEARBORN,82.86,26,22,31,80.61,86.08,26 [22 - 31],82.86% [80.61% - 86.08%],47,10,100,04-28-2021,projected
234,MI- DETROIT,83.91,100,86,127,80.49,89.68,100 [86 - 127],83.91% [80.49% - 89.68%],182,23,451,04-28-2021,projected
235,MI- FLINT,87.39,61,53,75,80.83,97.72,61 [53 - 75],87.39% [80.83% - 97.72%],98,11,235,04-28-2021,projected
236,MI- GRAND RAPIDS,94.94,197,170,253,82.99,118.76,197 [170 - 253],94.94% [82.99% - 118.76%],345,69,895,04-28-2021,projected
238,MI- KALAMAZOO,88.33,72,62,87,81.22,98.55,72 [62 - 87],88.33% [81.22% - 98.55%],123,18,274,04-28-2021,projected
239,MI- LANSING,88.47,93,81,124,81.17,107.04,93 [81 - 124],88.47% [81.17% - 107.04%],130,18,415,04-28-2021,projected
240,MI- MARQUETTE,109.51,102,87,145,81.64,192.91,102 [87 - 145],109.51% [81.64% - 192.91%],144,8,551,04-28-2021,projected
242,MI- MUSKEGON,99.4,62,55,77,84.66,127.95,62 [55 - 77],99.4% [84.66% - 127.95%],104,25,257,04-28-2021,projected
243,MI- PETOSKEY,123.35,78,68,113,86.36,243.29,78 [68 - 113],123.35% [86.36% - 243.29%],150,22,565,04-28-2021,projected
244,MI- PONTIAC,88.19,63,55,93,81.18,108.29,63 [55 - 93],88.19% [81.18% - 108.29%],97,14,335,04-28-2021,projected
245,MI- ROYAL OAK,85.79,104,90,151,80.83,99.83,104 [90 - 151],85.79% [80.83% - 99.83%],153,22,524,04-28-2021,projected
246,MI- SAGINAW,91.02,157,136,194,81.57,108.24,157 [136 - 194],91.02% [81.57% - 108.24%],231,33,592,04-28-2021,projected
248,MI- ST JOSEPH,85.63,14,12,16,80.0,92.91,14 [12 - 16],85.63% [80.0% - 92.91%],17,0,39,04-28-2021,projected
249,MI- TRAVERSE CITY,111.24,117,101,154,85.11,175.48,117 [101 - 154],111.24% [85.11% - 175.48%],159,26,486,04-28-2021,projected
250,MN- DULUTH,93.34,104,89,157,81.55,144.97,104 [89 - 157],93.34% [81.55% - 144.97%],155,18,755,04-28-2021,projected
251,MN- MINNEAPOLIS,85.47,311,270,457,80.94,99.96,311 [270 - 457],85.47% [80.94% - 99.96%],466,80,1700,04-28-2021,projected
253,MN- ROCHESTER,83.39,65,56,88,80.42,92.16,65 [56 - 88],83.39% [80.42% - 92.16%],88,11,316,04-28-2021,projected
254,MN- ST CLOUD,85.94,28,24,43,80.28,104.19,28 [24 - 43],85.94% [80.28% - 104.19%],42,2,171,04-28-2021,projected
256,MN- ST PAUL,89.76,150,132,204,82.1,108.88,150 [132 - 204],89.76% [82.1% - 108.88%],223,48,660,04-28-2021,projected
257,MS- GULFPORT,91.25,63,54,87,82.07,113.64,63 [54 - 87],91.25% [82.07% - 113.64%],87,16,260,04-28-2021,projected
258,MS- HATTIESBURG,83.72,35,30,45,80.08,89.42,35 [30 - 45],83.72% [80.08% - 89.42%],45,1,114,04-28-2021,projected
259,MS- JACKSON,82.83,98,87,129,80.96,88.48,98 [87 - 129],82.83% [80.96% - 88.48%],127,43,380,04-28-2021,projected
260,MS- MERIDIAN,87.16,53,46,66,81.43,99.94,53 [46 - 66],87.16% [81.43% - 99.94%],70,14,195,04-28-2021,projected
261,MS- OXFORD,84.39,21,18,26,80.0,87.99,21 [18 - 26],84.39% [80.0% - 87.99%],28,0,51,04-28-2021,projected
262,MS- TUPELO,82.7,35,30,47,80.25,88.9,35 [30 - 47],82.7% [80.25% - 88.9%],44,4,145,04-28-2021,projected
263,MO- CAPE GIRARDEAU,82.73,21,18,33,80.39,92.37,21 [18 - 33],82.73% [80.39% - 92.37%],28,4,127,04-28-2021,projected
264,MO- COLUMBIA,93.72,197,172,335,82.77,163.3,197 [172 - 335],93.72% [82.77% - 163.3%],253,51,1536,04-28-2021,projected
267,MO- JOPLIN,159.87,477,419,681,92.37,340.69,477 [419 - 681],159.87% [92.37% - 340.69%],762,118,2487,04-28-2021,projected
268,MO- KANSAS CITY,89.03,531,472,801,82.65,118.22,531 [472 - 801],89.03% [82.65% - 118.22%],716,210,3029,04-28-2021,projected
270,MO- SPRINGFIELD,111.24,464,401,689,86.33,206.44,464 [401 - 689],111.24% [86.33% - 206.44%],612,124,2477,04-28-2021,projected
273,MO- ST LOUIS,87.37,654,585,910,82.31,107.78,654 [585 - 910],87.37% [82.31% - 107.78%],899,282,3389,04-28-2021,projected
274,MT- BILLINGS,115.22,569,494,955,85.21,256.1,569 [494 - 955],115.22% [85.21% - 256.1%],778,115,3890,04-28-2021,projected
275,MT- GREAT FALLS,108.82,177,153,245,83.73,185.22,177 [153 - 245],108.82% [83.73% - 185.22%],232,30,847,04-28-2021,projected
276,MT- MISSOULA,152.22,607,530,859,93.2,338.84,607 [530 - 859],152.22% [93.2% - 338.84%],837,153,3000,04-28-2021,projected
277,NE- LINCOLN,83.59,48,42,78,80.98,98.29,48 [42 - 78],83.59% [80.98% - 98.29%],66,18,336,04-28-2021,projected
278,NE- OMAHA,83.04,119,105,175,80.49,92.84,119 [105 - 175],83.04% [80.49% - 92.84%],166,27,702,04-28-2021,projected
279,NV- LAS VEGAS,87.69,224,197,273,81.62,98.62,224 [197 - 273],87.69% [81.62% - 98.62%],314,66,760,04-28-2021,projected
280,NV- RENO,90.31,134,118,177,82.5,108.63,134 [118 - 177],90.31% [82.5% - 108.63%],198,48,550,04-28-2021,projected
281,NH- LEBANON,100.08,138,119,241,81.03,203.58,138 [119 - 241],100.08% [81.03% - 203.58%],195,10,1200,04-28-2021,projected
282,NH- MANCHESTER,82.74,38,33,51,80.61,88.97,38 [33 - 51],82.74% [80.61% - 88.97%],54,12,177,04-28-2021,projected
283,NJ- CAMDEN,81.5,59,52,72,80.51,83.08,59 [52 - 72],81.5% [80.51% - 83.08%],120,41,246,04-28-2021,projected
284,NJ- HACKENSACK,80.75,13,11,17,80.19,82.04,13 [11 - 17],80.75% [80.19% - 82.04%],28,7,76,04-28-2021,projected
285,NJ- MORRISTOWN,83.11,32,28,39,81.04,86.54,32 [28 - 39],83.11% [81.04% - 86.54%],60,20,126,04-28-2021,projected
288,NJ- NEW BRUNSWICK,81.95,28,25,34,80.72,83.76,28 [25 - 34],81.95% [80.72% - 83.76%],54,20,104,04-28-2021,projected
289,NJ- NEWARK,81.05,22,18,31,80.08,82.98,22 [18 - 31],81.05% [80.08% - 82.98%],51,4,145,04-28-2021,projected
291,NJ- PATERSON,80.76,7,6,9,80.08,82.8,7 [6 - 9],80.76% [80.08% - 82.8%],9,1,33,04-28-2021,projected
292,NJ- RIDGEWOOD,80.76,0,0,2,80.25,83.03,0 [0 - 2],80.76% [80.25% - 83.03%],6,2,24,04-28-2021,projected
293,NM- ALBUQUERQUE,91.64,277,243,360,82.95,114.68,277 [243 - 360],91.64% [82.95% - 114.68%],391,99,1165,04-28-2021,projected
295,NY- ALBANY,90.04,358,322,429,83.57,104.2,358 [322 - 429],90.04% [83.57% - 104.2%],495,176,1193,04-28-2021,projected
296,NY- BINGHAMTON,111.0,202,177,255,87.1,165.36,202 [177 - 255],111.0% [87.1% - 165.36%],288,66,793,04-28-2021,projected
297,NY- BRONX,80.14,0,0,4,80.0,81.22,0 [0 - 4],80.14% [80.0% - 81.22%],5,0,44,04-28-2021,projected
299,NY- BUFFALO,84.9,123,112,147,82.11,90.88,123 [112 - 147],84.9% [82.11% - 90.88%],176,76,391,04-28-2021,projected
300,NY- ELMIRA,86.22,46,40,67,80.93,104.51,46 [40 - 67],86.22% [80.93% - 104.51%],67,10,264,04-28-2021,projected
301,NY- EAST LONG ISLAND,80.16,7,6,19,80.0,81.39,7 [6 - 19],80.16% [80.0% - 81.39%],18,0,152,04-28-2021,projected
304,NY- ROCHESTER,98.92,417,368,496,85.44,122.06,417 [368 - 496],98.92% [85.44% - 122.06%],560,161,1245,04-28-2021,projected
307,NY- SYRACUSE,93.77,272,242,441,83.43,150.19,272 [242 - 441],93.77% [83.43% - 150.19%],389,97,1983,04-28-2021,projected
308,NY- WHITE PLAINS,80.13,0,0,4,80.03,81.35,0 [0 - 4],80.13% [80.03% - 81.35%],4,1,40,04-28-2021,projected
309,NC- ASHEVILLE,109.55,406,361,668,89.27,234.74,406 [361 - 668],109.55% [89.27% - 234.74%],555,174,2906,04-28-2021,projected
311,NC- CHARLOTTE,89.01,369,330,458,82.76,103.03,369 [330 - 458],89.01% [82.76% - 103.03%],522,160,1334,04-28-2021,projected
312,NC- DURHAM,86.0,201,181,295,82.06,102.18,201 [181 - 295],86.0% [82.06% - 102.18%],277,95,1024,04-28-2021,projected
313,NC- GREENSBORO,84.68,57,51,81,81.9,97.61,57 [51 - 81],84.68% [81.9% - 97.61%],84,34,316,04-28-2021,projected
314,NC- GREENVILLE,93.11,241,213,372,83.71,142.3,241 [213 - 372],93.11% [83.71% - 142.3%],329,93,1563,04-28-2021,projected
315,NC- HICKORY,85.48,28,25,52,80.8,112.09,28 [25 - 52],85.48% [80.8% - 112.09%],41,6,240,04-28-2021,projected
318,NC- RALEIGH,91.07,333,301,424,84.16,112.42,333 [301 - 424],91.07% [84.16% - 112.42%],469,176,1373,04-28-2021,projected
319,NC- WILMINGTON,89.7,86,77,140,83.45,125.6,86 [77 - 140],89.7% [83.45% - 125.6%],118,42,555,04-28-2021,projected
320,NC- WINSTON-SALEM,88.85,237,211,358,83.15,119.68,237 [211 - 358],88.85% [83.15% - 119.68%],326,116,1461,04-28-2021,projected
321,ND- BISMARCK,99.93,113,97,178,82.39,163.89,113 [97 - 178],99.93% [82.39% - 163.89%],167,20,703,04-28-2021,projected
322,ND- FARGO MOORHEAD -MN,90.5,145,124,218,81.72,124.26,145 [124 - 218],90.5% [81.72% - 124.26%],213,35,898,04-28-2021,projected
323,ND- GRAND FORKS,94.82,62,53,92,80.0,137.07,62 [53 - 92],94.82% [80.0% - 137.07%],87,0,335,04-28-2021,projected
324,ND- MINOT,108.71,142,123,210,84.29,193.86,142 [123 - 210],108.71% [84.29% - 193.86%],201,30,797,04-28-2021,projected
325,OH- AKRON,82.35,42,37,49,80.7,84.91,42 [37 - 49],82.35% [80.7% - 84.91%],57,17,119,04-28-2021,projected
326,OH- CANTON,85.06,78,69,102,81.7,96.17,78 [69 - 102],85.06% [81.7% - 96.17%],107,36,342,04-28-2021,projected
327,OH- CINCINNATI,83.5,117,100,152,80.31,90.12,117 [100 - 152],83.5% [80.31% - 90.12%],168,15,485,04-28-2021,projected
328,OH- CLEVELAND,82.88,169,148,204,80.74,86.02,169 [148 - 204],82.88% [80.74% - 86.02%],254,65,531,04-28-2021,projected
329,OH- COLUMBUS,87.15,449,391,622,81.35,102.55,449 [391 - 622],87.15% [81.35% - 102.55%],640,121,2019,04-28-2021,projected
330,OH- DAYTON,83.58,78,68,103,80.58,88.94,78 [68 - 103],83.58% [80.58% - 88.94%],117,19,292,04-28-2021,projected
331,OH- ELYRIA,83.45,14,13,16,81.1,85.79,14 [13 - 16],83.45% [81.1% - 85.79%],25,8,42,04-28-2021,projected
332,OH- KETTERING,83.2,22,18,27,80.52,86.57,22 [18 - 27],83.2% [80.52% - 86.57%],37,6,76,04-28-2021,projected
334,OH- TOLEDO,84.61,138,119,196,80.24,97.28,138 [119 - 196],84.61% [80.24% - 97.28%],193,10,724,04-28-2021,projected
335,OH- YOUNGSTOWN,83.27,63,55,79,80.54,88.58,63 [55 - 79],83.27% [80.54% - 88.58%],85,14,223,04-28-2021,projected
336,OK- LAWTON,97.11,93,84,127,87.01,132.59,93 [84 - 127],97.11% [87.01% - 132.59%],122,50,375,04-28-2021,projected
339,OK- OKLAHOMA CITY,104.07,1193,1037,1679,85.43,159.0,1193 [1037 - 1679],104.07% [85.43% - 159.0%],1584,357,5198,04-28-2021,projected
340,OK- TULSA,115.05,1349,1195,1648,92.35,167.51,1349 [1195 - 1648],115.05% [92.35% - 167.51%],1760,620,4395,04-28-2021,projected
341,OR- BEND,169.14,250,230,317,124.2,312.59,250 [230 - 317],169.14% [124.2% - 312.59%],361,179,942,04-28-2021,projected
342,OR- EUGENE,156.26,673,594,907,101.96,312.0,673 [594 - 907],156.26% [101.96% - 312.0%],896,258,2726,04-28-2021,projected
343,OR- MEDFORD,126.32,326,292,450,96.68,237.51,326 [292 - 450],126.32% [96.68% - 237.51%],447,161,1520,04-28-2021,projected
344,OR- PORTLAND,117.97,1418,1296,1779,96.08,178.83,1418 [1296 - 1779],117.97% [96.08% - 178.83%],1988,842,5175,04-28-2021,projected
345,OR- SALEM,103.39,74,67,111,89.17,178.85,74 [67 - 111],103.39% [89.17% - 178.85%],102,40,431,04-28-2021,projected
346,PA- ALLENTOWN,82.72,47,41,61,80.51,87.16,47 [41 - 61],82.72% [80.51% - 87.16%],86,16,226,04-28-2021,projected
347,PA- ALTOONA,91.37,47,40,70,82.3,121.29,47 [40 - 70],91.37% [82.3% - 121.29%],79,16,287,04-28-2021,projected
350,PA- DANVILLE,85.07,50,42,78,80.13,99.82,50 [42 - 78],85.07% [80.13% - 99.82%],77,2,301,04-28-2021,projected
351,PA- ERIE,94.2,224,203,302,85.17,127.04,224 [203 - 302],94.2% [85.17% - 127.04%],316,115,1047,04-28-2021,projected
352,PA- HARRISBURG,84.54,63,54,79,81.13,91.17,63 [54 - 79],84.54% [81.13% - 91.17%],104,26,256,04-28-2021,projected
354,PA- JOHNSTOWN,87.7,35,30,57,81.89,119.86,35 [30 - 57],87.7% [81.89% - 119.86%],57,14,295,04-28-2021,projected
355,PA- LANCASTER,83.11,21,18,26,80.5,87.56,21 [18 - 26],83.11% [80.5% - 87.56%],37,6,90,04-28-2021,projected
356,PA- PHILADELPHIA,81.87,119,102,159,80.36,85.24,119 [102 - 159],81.87% [80.36% - 85.24%],233,45,652,04-28-2021,projected
357,PA- PITTSBURGH,88.6,726,633,999,81.55,109.02,726 [633 - 999],88.6% [81.55% - 109.02%],1004,181,3387,04-28-2021,projected
358,PA- READING,81.76,14,12,19,80.07,85.83,14 [12 - 19],81.76% [80.07% - 85.83%],25,1,83,04-28-2021,projected
359,PA- SAYRE,112.91,114,102,148,91.25,176.82,114 [102 - 148],112.91% [91.25% - 176.82%],155,53,456,04-28-2021,projected
360,PA- SCRANTON,86.8,42,37,51,82.49,95.53,42 [37 - 51],86.8% [82.49% - 95.53%],60,22,137,04-28-2021,projected
362,PA- WILKES-BARRE,84.12,14,12,19,80.92,91.15,14 [12 - 19],84.12% [80.92% - 91.15%],27,6,73,04-28-2021,projected
363,PA- YORK,83.49,14,12,19,80.72,88.9,14 [12 - 19],83.49% [80.72% - 88.9%],29,6,74,04-28-2021,projected
364,RI- PROVIDENCE,82.14,37,33,43,81.12,83.9,37 [33 - 43],82.14% [81.12% - 83.9%],67,35,122,04-28-2021,projected
365,SC- CHARLESTON,103.38,521,467,655,89.07,137.88,521 [467 - 655],103.38% [89.07% - 137.88%],696,270,1723,04-28-2021,projected
366,SC- COLUMBIA,86.38,172,157,200,82.67,92.46,172 [157 - 200],86.38% [82.67% - 92.46%],239,100,467,04-28-2021,projected
367,SC- FLORENCE,83.65,35,31,42,80.89,87.9,35 [31 - 42],83.65% [80.89% - 87.9%],49,12,106,04-28-2021,projected
368,SC- GREENVILLE,86.9,121,108,158,82.22,99.27,121 [108 - 158],86.9% [82.22% - 99.27%],165,53,461,04-28-2021,projected
369,SC- SPARTANBURG,82.36,21,19,26,80.57,86.6,21 [19 - 26],82.36% [80.57% - 86.6%],25,6,70,04-28-2021,projected
370,SD- RAPID CITY,141.19,316,274,446,93.37,319.83,316 [274 - 446],141.19% [93.37% - 319.83%],421,92,1650,04-28-2021,projected
371,SD- SIOUX FALLS,92.55,254,217,379,81.59,134.61,254 [217 - 379],92.55% [81.59% - 134.61%],348,44,1515,04-28-2021,projected
373,TN- CHATTANOOGA,91.11,178,158,226,83.26,108.69,178 [158 - 226],91.11% [83.26% - 108.69%],249,73,643,04-28-2021,projected
374,TN- JACKSON,98.15,179,156,264,83.93,150.52,179 [156 - 264],98.15% [83.93% - 150.52%],245,53,952,04-28-2021,projected
375,TN- JOHNSON CITY,115.43,245,216,348,89.26,217.23,245 [216 - 348],115.43% [89.26% - 217.23%],333,87,1290,04-28-2021,projected
376,TN- KINGSPORT,157.29,1085,968,1357,101.55,283.22,1085 [968 - 1357],157.29% [101.55% - 283.22%],1535,428,4036,04-28-2021,projected
377,TN- KNOXVILLE,104.07,710,624,1005,85.34,164.19,710 [624 - 1005],104.07% [85.34% - 164.19%],1005,223,3515,04-28-2021,projected
379,TN- MEMPHIS,91.41,532,478,648,83.61,107.43,532 [478 - 648],91.41% [83.61% - 107.43%],721,228,1733,04-28-2021,projected
380,TN- NASHVILLE,91.91,729,639,943,82.48,114.92,729 [639 - 943],91.91% [82.48% - 114.92%],1019,212,2987,04-28-2021,projected
382,TX- ABILENE,90.02,100,87,166,81.66,131.73,100 [87 - 166],90.02% [81.66% - 131.73%],133,22,687,04-28-2021,projected
383,TX- AMARILLO,83.6,39,34,61,80.6,96.71,39 [34 - 61],83.6% [80.6% - 96.71%],54,9,251,04-28-2021,projected
385,TX- AUSTIN,111.7,815,734,940,92.52,140.72,815 [734 - 940],111.7% [92.52% - 140.72%],1109,438,2124,04-28-2021,projected
386,TX- BEAUMONT,105.55,257,229,312,88.32,137.01,257 [229 - 312],105.55% [88.32% - 137.01%],350,114,781,04-28-2021,projected
388,TX- BRYAN,94.22,62,52,82,80.82,120.69,62 [52 - 82],94.22% [80.82% - 120.69%],87,5,249,04-28-2021,projected
390,TX- CORPUS CHRISTI,117.09,569,492,758,86.29,206.41,569 [492 - 758],117.09% [86.29% - 206.41%],761,129,2594,04-28-2021,projected
391,TX- DALLAS,87.82,697,624,865,82.7,99.09,697 [624 - 865],87.82% [82.7% - 99.09%],957,331,2337,04-28-2021,projected
393,TX- EL PASO,82.22,42,37,101,80.4,108.31,42 [37 - 101],82.22% [80.4% - 108.31%],61,11,777,04-28-2021,projected
394,TX- FORT WORTH,84.11,145,124,239,80.48,101.33,145 [124 - 239],84.11% [80.48% - 101.33%],206,24,1068,04-28-2021,projected
396,TX- HARLINGEN,99.61,202,179,249,86.21,125.91,202 [179 - 249],99.61% [86.21% - 125.91%],278,88,651,04-28-2021,projected
397,TX- HOUSTON,101.39,2693,2427,3145,89.3,124.26,2693 [2427 - 3145],101.39% [89.3% - 124.26%],3651,1587,7553,04-28-2021,projected
399,TX- LONGVIEW,120.38,215,188,257,93.41,168.19,215 [188 - 257],120.38% [93.41% - 168.19%],277,92,605,04-28-2021,projected
400,TX- LUBBOCK,84.35,74,63,113,80.79,98.74,74 [63 - 113],84.35% [80.79% - 98.74%],104,19,448,04-28-2021,projected
402,TX- MCALLEN,97.28,200,172,277,82.96,135.55,200 [172 - 277],97.28% [82.96% - 135.55%],274,47,881,04-28-2021,projected
406,TX- ODESSA,98.5,167,146,219,83.02,134.64,167 [146 - 219],98.5% [83.02% - 134.64%],239,39,706,04-28-2021,projected
411,TX- SAN ANGELO,87.42,38,32,64,80.0,116.1,38 [32 - 64],87.42% [80.0% - 116.1%],51,0,248,04-28-2021,projected
412,TX- SAN ANTONIO,111.26,1546,1360,1924,86.73,159.24,1546 [1360 - 1924],111.26% [86.73% - 159.24%],2262,487,5734,04-28-2021,projected
413,TX- TEMPLE,108.75,199,181,261,92.78,162.32,199 [181 - 261],108.75% [92.78% - 162.32%],270,120,773,04-28-2021,projected
416,TX- TYLER,115.29,421,371,518,89.29,165.22,421 [371 - 518],115.29% [89.29% - 165.22%],566,149,1367,04-28-2021,projected
417,TX- VICTORIA,113.9,186,162,223,85.08,159.53,186 [162 - 223],113.9% [85.08% - 159.53%],260,39,610,04-28-2021,projected
418,TX- WACO,203.28,553,478,673,94.24,397.09,553 [478 - 673],203.28% [94.24% - 397.09%],736,85,1893,04-28-2021,projected
420,TX- WICHITA FALLS,94.2,73,62,133,80.58,163.62,73 [62 - 133],94.2% [80.58% - 163.62%],98,4,577,04-28-2021,projected
421,UT- OGDEN,85.89,32,28,56,81.23,109.59,32 [28 - 56],85.89% [81.23% - 109.59%],43,9,216,04-28-2021,projected
422,UT- PROVO,91.31,34,28,58,82.11,113.92,34 [28 - 58],91.31% [82.11% - 113.92%],102,19,306,04-28-2021,projected
423,UT- SALT LAKE CITY,93.9,399,348,683,81.95,147.57,399 [348 - 683],93.9% [81.95% - 147.57%],549,77,2669,04-28-2021,projected
424,VT- BURLINGTON,116.68,407,356,567,85.49,215.16,407 [356 - 567],116.68% [85.49% - 215.16%],581,87,2141,04-28-2021,projected
426,VA- ARLINGTON,85.6,105,96,147,82.77,99.67,105 [96 - 147],85.6% [82.77% - 99.67%],162,80,569,04-28-2021,projected
427,VA- CHARLOTTESVILLE,94.26,142,127,189,84.56,127.61,142 [127 - 189],94.26% [84.56% - 127.61%],200,64,668,04-28-2021,projected
428,VA- LYNCHBURG,92.63,71,60,115,83.06,145.69,71 [60 - 115],92.63% [83.06% - 145.69%],95,23,494,04-28-2021,projected
429,VA- NEWPORT NEWS,100.28,171,152,222,86.23,141.02,171 [152 - 222],100.28% [86.23% - 141.02%],231,71,695,04-28-2021,projected
430,VA- NORFOLK,99.73,396,358,491,88.53,129.39,396 [358 - 491],99.73% [88.53% - 129.39%],534,231,1337,04-28-2021,projected
431,VA- RICHMOND,91.09,379,344,503,84.85,116.36,379 [344 - 503],91.09% [84.85% - 116.36%],521,228,1709,04-28-2021,projected
432,VA- ROANOKE,109.38,594,531,822,88.95,174.2,594 [531 - 822],109.38% [88.95% - 174.2%],821,250,2632,04-28-2021,projected
435,VA- WINCHESTER,122.12,295,266,366,97.68,187.61,295 [266 - 366],122.12% [97.68% - 187.61%],393,165,1004,04-28-2021,projected
437,WA- EVERETT,138.34,347,319,392,107.89,186.21,347 [319 - 392],138.34% [107.89% - 186.21%],479,229,872,04-28-2021,projected
438,WA- OLYMPIA,142.81,305,282,351,110.52,204.3,305 [282 - 351],142.81% [110.52% - 204.3%],424,206,839,04-28-2021,projected
439,WA- SEATTLE,112.98,1280,1176,1471,95.14,146.23,1280 [1176 - 1471],112.98% [95.14% - 146.23%],1795,824,3605,04-28-2021,projected
440,WA- SPOKANE,107.53,722,648,924,88.3,155.39,722 [648 - 924],107.53% [88.3% - 155.39%],1035,312,2834,04-28-2021,projected
441,WA- TACOMA,116.67,315,298,344,102.82,137.62,315 [298 - 344],116.67% [102.82% - 137.62%],450,280,707,04-28-2021,projected
442,WA- YAKIMA,88.81,36,33,52,84.49,113.33,36 [33 - 52],88.81% [84.49% - 113.33%],51,26,193,04-28-2021,projected
443,WV- CHARLESTON,144.95,1151,1008,1622,94.19,322.64,1151 [1008 - 1622],144.95% [94.19% - 322.64%],1575,344,5884,04-28-2021,projected
444,WV- HUNTINGTON,94.18,174,155,247,84.06,135.21,174 [155 - 247],94.18% [84.06% - 135.21%],234,67,911,04-28-2021,projected
445,WV- MORGANTOWN,146.65,854,762,1047,101.21,240.81,854 [762 - 1047],146.65% [101.21% - 240.81%],1175,374,2835,04-28-2021,projected
446,WI- APPLETON,84.7,18,15,27,80.0,95.24,18 [15 - 27],84.7% [80.0% - 95.24%],29,0,94,04-28-2021,projected
447,WI- GREEN BAY,83.37,39,33,57,80.25,92.99,39 [33 - 57],83.37% [80.25% - 92.99%],54,4,208,04-28-2021,projected
448,WI- LA CROSSE,89.42,63,55,94,82.51,115.08,63 [55 - 94],89.42% [82.51% - 115.08%],90,24,335,04-28-2021,projected
449,WI- MADISON,88.61,184,163,223,82.03,99.21,184 [163 - 223],88.61% [82.03% - 99.21%],259,61,578,04-28-2021,projected
450,WI- MARSHFIELD,93.67,121,103,175,80.93,136.2,121 [103 - 175],93.67% [80.93% - 136.2%],161,11,662,04-28-2021,projected
451,WI- MILWAUKEE,82.17,113,100,139,80.67,84.95,113 [100 - 139],82.17% [80.67% - 84.95%],179,55,408,04-28-2021,projected
452,WI- NEENAH,84.3,14,12,21,80.0,92.19,14 [12 - 21],84.3% [80.0% - 92.19%],24,0,68,04-28-2021,projected
456,WI- WAUSAU,86.19,24,20,51,80.0,127.79,24 [20 - 51],86.19% [80.0% - 127.79%],35,0,270,04-28-2021,projected
457,WY- CASPER,118.66,185,158,267,82.85,216.95,185 [158 - 267],118.66% [82.85% - 216.95%],271,20,960,04-28-2021,projected
303,NY- NEW YORK,80.78,58,49,88,80.05,82.7,58 [49 - 88],80.78% [80.05% - 82.7%],121,8,419,04-28-2021,projected
