date,totalConfirmed,totalDeaths,totalRecovered,newConfirmed,newDeaths,newRecovered
03-06-2020,1,0,0,1,0,0
03-07-2020,1,0,0,0,0,0
03-08-2020,1,0,0,0,0,0
03-09-2020,1,0,0,0,0,0
03-10-2020,4,0,0,3,0,0
03-11-2020,12,0,0,8,0,0
03-12-2020,12,0,0,0,0,0
03-13-2020,35,0,0,23,0,0
03-14-2020,46,0,0,11,0,0
03-15-2020,48,0,1,2,0,1
03-16-2020,55,0,1,7,0,0
03-17-2020,65,0,1,10,0,0
03-18-2020,65,0,1,0,0,0
03-19-2020,97,0,1,32,0,0
03-20-2020,135,1,1,38,1,0
03-21-2020,135,1,1,0,0,0
03-22-2020,188,1,1,53,0,0
