date,totalConfirmed,totalDeaths,totalRecovered,newConfirmed,newDeaths,newRecovered
01-22-2020,2,0,0,2,0,0
01-23-2020,3,0,0,1,0,0
01-24-2020,5,0,0,2,0,0
01-25-2020,7,0,0,2,0,0
01-26-2020,8,0,2,1,0,2
01-27-2020,8,0,2,0,0,0
01-28-2020,14,0,5,6,0,3
01-29-2020,14,0,5,0,0,0
01-30-2020,14,0,5,0,0,0
01-31-2020,19,0,5,5,0,0
02-01-2020,19,0,5,0,0,0
02-02-2020,19,0,5,0,0,0
02-03-2020,19,0,5,0,0,0
02-04-2020,25,0,5,6,0,0
02-05-2020,25,0,5,0,0,0
02-06-2020,25,0,5,0,0,0
02-07-2020,25,0,5,0,0,0
02-08-2020,32,0,10,7,0,5
02-09-2020,32,0,10,0,0,0
02-10-2020,32,0,10,0,0,0
02-11-2020,33,0,10,1,0,0
02-12-2020,33,0,10,0,0,0
02-13-2020,33,0,12,0,0,2
02-14-2020,33,0,12,0,0,0
02-15-2020,34,0,14,1,0,2
02-16-2020,34,0,14,0,0,0
02-17-2020,35,0,14,1,0,0
02-18-2020,35,0,15,0,0,1
02-19-2020,35,0,15,0,0,0
02-20-2020,35,0,15,0,0,0
02-21-2020,35,0,17,0,0,2
02-22-2020,35,0,17,0,0,0
02-23-2020,35,0,17,0,0,0
02-24-2020,35,0,17,0,0,0
02-25-2020,37,0,17,2,0,0
02-26-2020,40,0,22,3,0,5
02-27-2020,40,0,22,0,0,0
02-28-2020,41,0,28,1,0,6
02-29-2020,42,0,28,1,0,0
03-01-2020,42,1,28,0,1,0
03-02-2020,43,1,31,1,0,3
03-03-2020,43,1,31,0,0,0
03-04-2020,43,1,31,0,0,0
03-05-2020,47,1,31,4,0,0
03-06-2020,48,1,31,1,0,0
03-07-2020,50,1,31,2,0,0
03-08-2020,50,1,31,0,0,0
03-09-2020,50,1,31,0,0,0
03-10-2020,53,1,33,3,0,2
03-11-2020,59,1,34,6,0,1
03-12-2020,70,1,34,11,0,0
03-13-2020,75,1,34,5,0,0
03-14-2020,82,1,35,7,0,1
03-15-2020,114,1,35,32,0,0
03-16-2020,147,1,35,33,0,0
03-17-2020,177,1,41,30,0,6
03-18-2020,177,1,41,0,0,0
03-19-2020,272,1,42,95,0,1
03-20-2020,322,1,42,50,0,0
03-21-2020,411,1,42,89,0,0
03-22-2020,599,1,44,188,0,2
