date,totalConfirmed,totalDeaths,totalRecovered,newConfirmed,newDeaths,newRecovered
03-06-2020,1,0,0,1,0,0
03-07-2020,1,0,0,0,0,0
03-08-2020,1,0,0,0,0,0
03-09-2020,1,0,0,0,0,0
03-10-2020,3,0,0,2,0,0
03-11-2020,9,0,0,6,0,0
03-12-2020,9,0,0,0,0,0
03-13-2020,9,0,0,0,0,0
03-14-2020,22,0,0,13,0,0
03-15-2020,34,0,0,12,0,0
03-16-2020,54,0,0,20,0,0
03-17-2020,65,0,1,11,0,1
03-18-2020,93,0,1,28,0,0
03-19-2020,108,0,1,15,0,0
03-20-2020,108,0,1,0,0,0
03-21-2020,196,0,1,88,0,0
03-22-2020,231,2,3,35,2,2
