date,totalConfirmed,totalDeaths,totalRecovered,newConfirmed,newDeaths,newRecovered
03-06-2020,1,0,0,1,0,0
03-07-2020,1,0,0,0,0,0
03-08-2020,3,0,0,2,0,0
03-09-2020,7,0,0,4,0,0
03-10-2020,7,0,0,0,0,0
03-11-2020,10,0,0,3,0,0
03-12-2020,10,0,0,0,0,0
03-13-2020,32,0,0,22,0,0
03-14-2020,44,0,0,12,0,0
03-15-2020,61,0,0,17,0,0
03-16-2020,63,0,0,2,0,0
03-17-2020,72,0,0,9,0,0
03-18-2020,72,0,0,0,0,0
03-19-2020,105,1,0,33,1,0
03-20-2020,137,1,0,32,0,0
03-21-2020,137,1,0,0,0,0
03-22-2020,178,1,0,41,0,0
